0 1854 1
1 113 1
1 822 2
2 241 1
2 498 1
2 791 1
2 1392 1
2 1630 1
3 1428 1
4 2924 1
5 241 1
5 437 1
5 875 1
6 1201 1
7 377 1
8 1609 1
9 1703 1
9 1764 1
9 2387 1
9 2859 1
10 2014 1
10 2097 1
10 2544 2
11 35 1
12 1969 1
13 1808 1
14 91 1
14 637 1
14 2295 1
14 2890 1
15 1795 1
15 2378 1
16 2627 1
16 2772 1
16 2956 1
17 2416 1
17 2508 1
18 1892 1
18 2719 1
19 655 1
19 2602 1
20 1365 1
20 2237 1
21 2558 1
22 1341 1
23 203 1
23 2388 1
24 2990 1
25 2665 1
25 2842 1
26 2505 1
27 209 1
27 928 1
27 2734 1
27 2824 1
28 1654 1
29 2492 2
30 463 1
30 1034 2
30 1053 1
30 1919 1
30 2241 1
31 2894 1
32 444 1
32 502 1
32 1556 1
32 1669 1
33 447 1
33 2530 1
34 117 1
34 1338 1
34 1594 1
34 1911 1
34 2485 1
35 997 1
35 1014 1
35 1187 1
36 2930 1
36 2979 1
37 1803 1
37 2460 1
38 553 1
38 1024 1
38 1083 1
39 471 1
39 815 1
39 1031 1
39 2492 1
40 410 1
40 1984 1
41 1378 1
42 1637 2
43 929 2
43 1478 1
44 2739 1
45 838 1
46 2808 1
47 1969 1
48 2988 2
49 307 1
50 1953 1
51 2977 1
52 439 1
52 2526 1
53 2620 1
54 2196 1
55 614 1
56 922 1
56 1898 1
57 1960 1
58 463 1
59 1521 1
59 2902 1
60 887 1
60 1154 1
61 1884 1
61 2923 1
62 733 1
62 2955 1
63 2334 1
63 2587 1
64 201 1
64 903 1
64 2345 1
65 1994 2
66 1365 1
66 2962 1
67 862 1
67 2776 1
68 1342 1
68 2196 1
69 2068 1
69 2485 1
70 643 1
71 2737 1
72 1510 1
73 288 3
73 985 1
73 2187 1
73 2516 1
73 2820 1
74 408 1
74 936 1
74 1307 1
74 1343 1
74 1704 1
75 260 1
75 1086 1
75 2084 1
75 2958 1
76 306 1
76 962 1
76 1877 1
76 2982 1
77 1544 1
77 1786 1
77 2048 1
77 2558 1
78 941 1
78 2668 1
79 723 1
79 2277 1
80 656 1
80 969 1
80 2705 1
80 2773 1
81 1411 1
82 430 1
82 2377 1
83 1071 1
83 1770 1
83 1818 1
84 2920 1
85 1209 1
85 1993 1
86 623 1
86 650 1
86 1798 1
87 646 1
87 921 1
87 1412 1
87 2947 1
88 709 1
88 1736 1
89 1531 1
90 1971 1
90 2024 1
92 115 1
93 898 1
93 2022 1
94 1094 1
94 1212 1
95 1857 1
96 897 1
96 1290 1
97 1940 1
98 747 1
98 2117 1
99 2161 1
100 2399 1
101 2065 1
101 2721 1
102 1977 1
102 2489 1
103 1929 1
104 2417 1
105 112 1
105 1103 1
106 2914 2
107 661 1
108 2727 1
109 679 1
110 2513 1
111 1691 1
111 2409 1
114 226 1
114 1622 1
115 407 1
115 884 1
115 998 1
115 1861 1
115 2326 1
116 566 1
116 1044 1
117 2790 1
118 1301 1
119 752 1
119 2047 1
120 2412 1
121 1412 1
122 2776 1
123 1829 1
123 1900 1
124 1700 1
124 2882 1
125 2101 1
125 2468 1
126 1788 1
126 2548 1
127 207 1
127 494 1
127 1487 1
127 2193 1
128 958 1
128 1134 1
128 2045 1
129 1571 1
130 940 1
130 2135 1
131 748 1
132 1305 1
132 2187 1
133 197 1
133 703 1
133 1288 1
134 1737 1
135 509 1
135 517 1
136 887 1
137 2707 1
138 417 1
138 588 1
139 468 1
139 1109 1
139 2437 1
139 2897 1
140 442 1
140 986 1
140 1374 1
140 1698 1
141 405 1
141 466 1
141 1137 1
141 1467 1
142 1229 1
142 1591 1
142 2491 1
143 1367 1
144 237 1
144 1174 1
144 1475 1
144 1772 1
145 618 1
145 1188 1
145 2069 1
145 2085 1
146 194 1
146 1290 1
147 558 1
147 2847 1
148 1889 1
148 2557 1
148 2596 1
148 2750 1
149 2533 2
150 2408 1
150 2615 1
151 535 1
151 2545 1
151 2755 1
152 827 1
152 981 1
152 1849 1
152 2755 1
153 759 1
154 698 1
154 887 1
154 1745 1
154 1912 1
154 2775 1
155 377 1
155 545 1
155 674 1
155 1250 2
155 1328 1
155 2121 1
156 1218 2
157 516 1
157 669 1
157 1718 1
158 184 1
158 934 1
158 2978 1
159 1541 1
159 1602 1
160 359 1
160 372 1
160 575 1
160 1790 1
160 2299 1
161 2332 1
161 2754 1
162 232 1
162 1795 1
163 1958 1
163 2097 1
163 2404 2
164 521 1
164 756 1
164 1417 1
164 1462 1
164 2039 1
165 2243 2
166 1249 1
166 1433 1
166 2419 1
167 1064 1
167 1316 1
167 1680 1
167 2284 1
167 2589 1
168 321 1
168 432 1
168 1501 1
168 1671 1
169 1608 1
169 1702 1
169 2188 1
169 2468 1
170 669 1
170 1333 1
170 1721 1
170 1830 1
171 703 1
171 1253 1
171 1402 1
172 1183 1
172 1191 1
172 1715 1
172 2090 1
172 2156 1
173 646 1
173 792 1
173 1257 1
173 1275 1
174 404 1
175 785 1
175 1050 1
175 1783 1
175 1852 1
175 2016 1
175 2080 1
175 2158 1
175 2503 1
176 2303 1
177 2666 2
178 406 1
178 1982 2
178 2418 1
179 322 1
179 930 1
179 1231 1
179 1359 1
179 2554 1
180 227 1
180 2048 1
181 2240 1
182 1412 1
183 187 1
185 749 1
186 440 1
186 2659 1
187 2386 1
188 2285 1
188 2707 1
189 2650 1
190 2144 1
191 935 1
192 2984 1
193 1206 1
195 1417 1
196 1763 1
197 868 1
197 1826 1
198 830 1
198 1466 1
199 2865 1
200 2637 1
202 2264 1
202 2897 1
204 732 1
205 2920 2
206 1228 1
206 2150 1
208 2934 1
210 2428 1
210 2657 1
211 926 1
211 1218 1
211 2483 1
212 358 1
213 469 1
213 1894 1
214 355 1
215 2308 1
216 370 1
216 394 1
216 562 1
216 1060 1
216 1454 1
217 1002 1
218 1866 1
219 1504 1
219 2412 1
220 1622 1
221 2159 1
222 2917 1
223 1455 1
223 2937 1
224 409 1
225 1035 1
225 2273 1
225 2628 1
228 837 1
228 1415 1
228 2583 1
229 1845 1
229 1873 1
230 560 1
231 2750 1
233 824 1
234 1333 1
234 2599 1
235 1077 1
235 2426 1
236 2419 1
236 2552 2
237 2683 1
238 2289 2
239 2569 2
240 1472 1
242 1948 1
242 2325 1
243 1151 1
243 2561 1
244 2101 1
245 619 2
246 463 1
246 2669 1
246 2957 1
247 2152 1
247 2844 1
248 924 1
248 1127 1
249 901 1
249 1489 1
249 2035 1
250 1925 1
251 404 1
251 2232 1
252 1894 1
252 2598 2
253 557 1
253 716 1
253 2356 1
254 925 1
255 2452 1
256 2023 1
257 1100 1
257 1498 1
258 455 1
258 1739 1
259 2762 1
260 2464 2
260 2662 1
261 1450 1
261 2349 1
262 935 1
262 1602 1
263 893 1
263 1018 1
263 1156 2
263 2310 1
263 2776 1
264 316 1
264 1187 1
265 685 1
266 654 1
266 2034 1
266 2435 1
267 376 1
267 1037 1
267 1058 1
267 1622 1
267 2944 1
268 2750 1
269 2421 1
270 2131 1
270 2993 1
271 2021 1
272 846 1
272 994 1
272 2084 1
273 2320 1
274 2602 1
275 1081 1
275 1260 1
276 490 1
276 1752 1
276 2594 1
276 2778 1
277 305 1
277 1360 1
277 1418 1
277 2619 1
277 2674 1
278 2502 1
279 881 2
280 894 1
280 1173 1
280 1462 1
281 786 1
282 1213 2
282 2677 1
283 1467 1
283 1775 1
284 2215 1
285 2929 1
286 2499 1
287 885 1
287 1635 1
287 1769 1
287 2040 1
289 480 1
289 2888 1
289 2931 1
290 711 1
290 946 1
290 2699 1
291 329 1
291 1158 1
291 2684 1
292 540 1
292 1402 1
292 2306 1
292 2565 1
293 468 1
293 563 1
293 937 1
293 1085 1
293 2996 1
294 1614 1
295 1105 1
295 2831 1
296 1719 1
297 517 1
297 1501 1
297 2966 1
298 1587 1
298 1859 1
299 418 1
299 932 1
299 2708 1
299 2821 1
300 1945 1
300 2123 1
301 474 1
301 527 1
301 875 1
301 2597 1
302 1457 1
302 1888 1
303 836 1
303 2059 1
304 619 1
304 897 1
304 973 1
304 1640 1
305 1731 1
306 927 1
306 951 2
306 1022 2
306 1482 1
306 2337 1
307 1087 1
307 2510 1
308 1755 1
309 467 1
309 1686 1
309 2692 1
310 1095 1
310 1791 1
311 1507 1
311 2061 1
311 2160 1
312 1126 1
312 1992 1
312 2227 2
312 2354 1
312 2555 1
313 1084 1
313 2932 1
313 2995 1
314 1619 1
314 2385 1
315 635 1
315 693 1
315 1570 1
316 424 1
316 952 2
317 2162 1
317 2429 1
317 2873 1
318 2445 1
319 802 1
319 1668 1
319 2749 1
320 386 2
320 1938 1
320 2998 1
321 1899 1
321 2378 1
322 1701 1
322 2796 1
323 876 2
324 1799 1
324 2190 1
325 664 1
325 1534 1
325 1946 1
326 539 1
326 552 1
327 1196 1
328 403 1
328 1491 2
328 2753 1
329 348 1
329 421 1
329 1356 1
330 402 1
330 510 1
330 1096 1
330 2291 1
330 2629 1
331 849 1
331 1277 1
331 2772 1
332 456 1
332 1051 1
333 1363 1
333 1552 1
333 1642 1
334 1248 1
334 1627 1
334 2058 1
334 2291 1
334 2947 1
335 774 1
335 1835 1
335 2102 1
335 2533 1
336 1863 1
336 2798 1
337 1111 1
337 2705 1
338 2763 1
339 771 1
339 1071 1
339 1550 1
340 516 1
340 752 1
340 1071 1
341 560 1
342 488 1
342 2688 2
343 2229 1
343 2383 1
343 2715 1
343 2903 1
344 2453 1
344 2732 1
345 2000 1
346 2858 2
347 1067 1
347 2349 1
349 352 1
349 356 1
349 841 1
349 2209 1
349 2300 1
350 1702 1
351 1458 1
352 881 1
352 1292 1
352 2314 1
352 2915 1
353 2430 1
353 2601 1
354 630 1
354 660 1
354 1821 1
354 2020 1
355 1165 1
355 2367 1
356 1091 1
356 1579 1
357 856 1
357 2434 1
358 751 1
358 1965 1
358 2000 1
358 2550 1
359 1189 1
359 1431 1
359 2260 1
359 2653 1
359 2727 1
359 2775 1
360 668 1
360 1177 1
360 1287 1
360 2258 1
360 2536 1
361 392 1
361 980 1
361 1816 1
361 2038 1
361 2624 1
361 2777 3
362 2590 2
363 813 2
363 1118 1
363 1149 2
363 2174 1
363 2496 1
363 2725 1
364 1790 2
365 432 1
365 1166 1
365 1773 1
365 1991 1
366 525 1
366 555 1
366 1802 2
366 2749 1
367 2072 1
368 2259 1
369 2187 1
370 833 1
371 623 1
371 745 1
371 1025 1
371 2096 1
371 2122 1
371 2858 1
372 1870 1
372 2109 1
373 1781 1
374 974 1
375 2218 1
375 2751 1
378 976 1
379 835 1
380 2055 1
381 1266 1
381 1749 2
381 2376 1
382 1640 1
383 2053 1
384 539 1
385 1356 1
385 2281 1
387 2417 1
388 423 1
389 1686 1
390 759 1
391 818 1
391 2546 1
391 2782 1
393 463 1
395 2121 1
396 1657 1
396 2713 1
397 578 1
397 2477 1
398 2097 1
399 1467 1
400 625 1
400 2984 1
401 2554 1
401 2756 1
407 605 1
409 2538 1
411 1028 1
412 2376 1
412 2509 1
413 1216 1
414 1201 1
414 2604 1
414 2869 1
415 2751 1
416 705 1
416 1502 1
416 2340 1
417 1624 1
418 1643 1
419 2313 1
420 1015 1
422 1764 2
423 2825 1
425 758 1
425 2301 1
426 1985 1
427 1057 1
428 710 1
428 2263 1
429 2165 1
431 1960 1
433 925 1
434 2322 1
435 2307 1
435 2941 1
436 2049 1
436 2549 1
438 2333 1
440 2575 1
441 2608 1
441 2750 1
442 1918 1
443 2420 1
444 1324 1
445 1272 1
446 2294 1
447 2774 1
447 2839 1
448 2095 1
449 2601 1
450 2189 1
451 1852 1
452 544 1
453 2036 1
453 2568 1
454 1886 1
457 2112 1
458 1793 1
459 835 1
459 1386 1
460 1129 1
461 987 1
461 2379 1
462 2497 2
464 2577 1
465 2120 2
466 585 1
469 520 1
469 2431 1
470 2961 1
472 756 1
473 2575 1
474 1007 2
475 1496 1
475 2198 1
475 2501 1
476 2029 1
477 2139 1
478 2363 1
479 2286 2
480 859 1
481 2569 3
482 2526 2
483 1666 1
484 817 1
484 1617 1
485 693 1
485 2885 1
486 1756 1
487 2731 1
487 2765 1
489 947 1
490 2984 1
491 2786 1
492 681 1
492 2660 1
492 2689 1
493 2778 1
494 2373 1
494 2525 1
495 1678 1
496 959 1
496 1682 1
497 1491 1
498 923 1
499 1285 1
500 2139 1
501 2928 1
502 1332 1
503 1295 1
503 1688 1
503 1999 1
503 2392 1
503 2856 1
504 1257 1
504 2905 1
505 1602 1
506 599 1
507 1145 1
507 1568 1
508 589 1
508 2147 1
510 2946 2
511 1432 1
512 1988 1
513 823 1
513 2204 1
514 526 1
514 917 1
514 1944 1
515 2183 1
518 2403 1
519 2796 2
520 963 1
520 2386 1
520 2852 1
521 1495 1
522 578 1
523 982 1
523 2879 1
524 1744 1
526 2121 1
528 2444 1
528 2756 1
529 901 1
530 2678 1
531 2746 1
531 2947 1
532 2158 1
533 2572 1
533 2653 1
533 2723 1
534 1533 1
534 2367 1
536 970 1
536 1605 1
536 2413 1
537 1385 1
538 2339 1
538 2457 1
540 1192 1
541 1176 1
541 2042 1
542 2146 1
542 2682 1
543 1883 1
544 1754 1
546 1521 1
546 1869 1
546 2850 1
547 2519 1
547 2606 1
548 1153 1
548 1252 1
548 2413 1
549 1304 1
549 1463 1
549 2502 1
550 1711 1
550 1755 1
550 2302 1
551 615 1
551 2338 1
552 628 1
553 2740 1
554 1086 1
556 2021 1
556 2927 1
557 1355 1
558 812 1
559 651 1
559 1272 1
560 979 1
560 1784 1
561 2090 1
561 2350 2
563 847 1
564 1893 1
564 2506 1
565 812 1
565 1208 1
565 1671 1
566 811 1
566 1640 1
567 1839 1
567 2640 1
568 1072 1
568 1127 1
568 1274 1
568 2387 1
569 603 1
570 2127 1
570 2480 1
571 2904 1
572 2066 1
572 2740 1
573 2706 1
574 2156 1
575 2890 1
576 753 1
576 2918 1
577 1649 1
578 688 1
578 2483 1
579 798 1
580 2708 1
581 1929 1
582 892 1
582 1614 1
583 2440 2
584 1026 1
584 1063 1
584 2524 1
585 2380 1
586 1714 1
586 1997 1
587 1508 1
587 2159 1
587 2992 1
588 720 1
590 2813 1
591 916 1
591 1342 1
591 2208 1
591 2919 1
592 782 1
593 1252 1
594 2412 1
595 2040 1
596 1039 1
596 1675 1
596 1926 1
597 2469 1
598 1299 1
598 2272 1
599 1911 1
599 2641 1
600 1407 1
600 1559 1
600 1712 1
601 1259 1
601 1596 1
602 1555 1
603 2496 1
604 2102 1
604 2426 1
606 2790 1
607 1617 1
608 908 1
608 2384 1
608 2848 1
608 2963 2
609 1046 1
609 2863 1
609 2891 1
610 1851 1
610 2699 1
611 2555 1
612 1990 1
612 2328 1
612 2399 1
613 2284 1
614 1667 1
614 2877 1
615 1518 1
616 938 1
616 1026 1
616 1500 1
617 1239 1
617 1606 1
617 2311 1
617 2401 1
619 1286 1
620 1409 1
620 1951 1
621 1309 2
621 2070 1
622 1092 1
622 1185 1
622 1286 1
622 2057 1
624 663 1
626 2837 2
627 2050 1
627 2294 1
627 2411 1
628 772 1
628 1067 1
628 1361 1
629 1904 1
630 1413 1
631 1360 1
632 1293 2
632 1935 1
633 1567 1
633 2452 1
634 1027 1
634 2578 1
634 2649 1
634 2718 1
634 2801 1
635 1689 1
635 1789 1
635 2623 1
635 2997 1
636 1144 1
636 1269 1
636 1794 1
636 1923 1
636 2015 1
638 896 1
638 1082 1
638 1979 1
639 1112 1
639 1865 1
639 2248 1
640 1139 1
640 2268 1
640 2290 1
640 2517 1
641 1336 1
641 2883 1
641 2962 1
642 1219 1
642 1644 1
642 2197 1
643 1119 1
643 1871 1
643 2907 1
644 2459 1
644 2549 1
645 740 1
645 880 1
645 1351 1
645 1425 1
647 1883 1
648 2449 1
648 2908 1
649 2125 1
650 1291 1
650 2904 1
651 2989 1
652 978 1
652 1055 1
652 2562 1
653 809 1
653 2977 1
654 1067 1
656 1415 1
656 1646 1
657 732 1
658 2762 1
659 832 2
659 2043 1
659 2909 1
660 1669 1
660 2908 1
661 2469 1
662 1131 1
662 1888 1
662 2293 1
662 2506 1
663 1396 1
664 2593 1
665 1516 1
665 2697 1
665 2850 1
666 1214 1
666 2378 1
667 824 1
667 1318 1
667 2424 1
669 1546 1
670 971 1
670 2051 1
670 2693 1
671 1908 1
671 2514 2
672 1540 1
672 2362 1
673 2485 1
675 1554 1
675 2795 1
676 1256 1
676 1418 1
676 1462 1
676 1541 1
677 1042 1
677 1262 1
677 1353 2
677 2319 1
677 2648 1
678 2653 1
679 737 1
679 864 1
679 1921 1
679 2602 1
680 2933 2
681 767 1
682 814 1
682 1848 2
683 852 1
683 2283 1
684 1107 1
684 1567 1
685 2012 1
685 2212 1
686 773 1
686 796 1
686 1048 1
686 2036 1
686 2178 1
686 2821 1
687 799 1
687 801 1
687 947 1
687 1443 1
687 2541 1
687 2722 1
689 866 1
689 1610 1
689 1704 1
689 2077 3
689 2332 1
689 2473 1
690 2950 2
691 714 1
691 806 1
691 1840 1
692 2520 2
693 840 1
693 883 1
693 1023 1
694 1241 2
694 2240 1
694 2252 1
694 2390 1
695 854 1
695 1768 1
696 843 1
696 1814 1
696 2425 1
696 2916 1
697 1267 1
697 1733 1
697 2253 1
698 2752 1
699 2899 1
700 2679 1
701 1097 1
701 1586 1
702 2644 1
702 2697 1
702 2814 2
703 1199 1
703 1275 1
704 914 1
704 1087 1
705 1180 1
705 1876 1
705 2162 1
705 2778 1
705 2875 1
706 1553 1
707 1088 1
707 1471 1
707 2531 1
707 2851 1
708 788 1
708 930 1
708 2234 1
708 2534 1
709 1322 1
709 2923 1
709 2928 1
711 2031 1
711 2725 1
712 1681 1
712 2702 1
713 1367 1
713 2862 1
714 2048 1
715 828 1
716 2110 1
717 752 1
717 1461 1
717 1978 1
718 1038 1
718 1696 1
718 2863 1
719 1350 1
719 2416 1
720 2857 1
721 1155 2
721 2487 2
722 2767 2
723 2329 1
724 816 1
724 890 3
724 2580 2
725 1036 1
725 1255 1
725 2199 1
725 2347 1
726 895 1
726 2222 2
726 2270 2
727 1446 1
727 1870 1
728 997 1
728 1399 1
728 1476 1
728 2053 1
729 1830 1
729 2566 1
730 1235 1
730 1993 1
730 2639 1
730 2797 1
730 2883 1
731 2089 1
731 2681 1
731 2896 1
732 1359 1
732 1529 1
733 2514 1
733 2518 1
734 939 1
734 1052 1
734 1697 1
735 1437 1
735 2050 1
736 2978 1
737 2776 1
737 2838 1
737 2999 1
738 1352 1
738 1981 1
739 1510 1
739 2036 1
739 2759 1
740 2733 1
741 1931 1
741 1972 1
741 2593 1
742 1759 1
743 1014 1
743 2117 1
743 2789 1
744 2345 1
744 2642 1
744 2855 1
744 2950 1
746 1263 1
746 2125 1
748 1999 1
749 2924 1
750 2839 2
751 1692 1
752 2732 1
752 2784 1
753 1610 1
754 1119 1
754 1340 1
754 1366 1
755 1211 1
755 1759 1
755 2291 1
756 1133 2
756 1220 1
756 1759 1
756 2143 1
757 1662 1
757 2004 1
757 2652 1
757 2660 1
758 1327 1
758 1416 2
758 2457 1
758 2461 1
759 1898 1
760 2111 1
760 2788 2
761 882 1
761 1742 1
761 2791 1
762 2383 1
763 2186 1
763 2600 1
764 1397 1
765 1447 1
765 1850 1
765 2602 1
765 2650 1
765 2694 1
766 1036 1
766 1166 1
766 1506 2
766 2405 1
767 829 1
768 782 1
769 2424 1
770 1231 1
771 2474 1
772 1586 1
773 1372 1
774 877 1
774 1079 1
774 1111 1
774 1549 2
775 1016 1
775 1617 1
775 1808 1
775 2443 1
775 2677 1
775 2860 1
775 2928 1
776 1184 1
776 2358 1
776 2614 1
777 956 1
777 1896 1
777 2539 1
778 852 1
779 1015 1
779 1402 1
779 2830 1
780 1544 1
780 2715 1
780 2952 1
781 1048 1
781 1313 1
782 1424 1
782 1528 1
782 1644 1
782 2811 1
783 1230 1
783 1458 1
783 2737 1
783 2979 1
784 2716 2
785 2478 1
786 2330 1
786 2519 1
787 1107 1
787 1381 1
787 1575 1
787 1818 1
787 2054 1
787 2115 1
787 2333 1
788 1155 1
789 1862 1
789 2425 1
789 2595 2
790 936 1
791 2926 1
791 2980 1
792 1844 1
792 2862 1
793 1458 1
793 1584 1
793 2231 1
794 1036 1
794 1379 1
794 1636 1
794 2491 1
794 2691 1
795 1433 1
795 2824 1
795 2896 1
796 2006 2
796 2314 1
796 2346 1
796 2592 1
797 908 1
798 2747 1
798 2782 1
800 2384 1
800 2666 1
801 2857 1
802 950 1
802 1334 1
802 1618 1
802 2315 1
803 2516 1
803 2720 1
804 1286 1
804 1488 1
804 2472 1
804 2582 1
804 2625 1
804 2757 1
805 1141 1
805 1967 1
805 2156 1
805 2843 1
806 1386 1
806 2183 1
806 2329 1
807 1170 1
807 1315 1
808 1963 1
810 2747 1
811 2948 1
814 2960 1
816 2898 1
819 1458 1
820 1412 1
821 1159 1
822 2302 1
825 944 1
825 1715 1
826 1334 1
828 1605 1
830 2779 1
831 2003 1
834 1656 1
838 1111 1
838 2030 1
839 2988 1
842 2405 2
843 2906 1
844 1536 1
844 1997 1
845 2574 1
848 2300 1
850 2589 1
851 2713 1
853 962 1
854 931 1
855 1350 1
857 1205 1
858 1358 1
858 2870 1
860 2016 1
861 2049 1
863 2767 1
865 2103 1
865 2800 1
867 1635 1
869 2035 1
870 2630 1
870 2759 1
871 2508 1
872 2255 1
872 2651 1
873 1941 1
874 2711 1
876 1750 1
878 1009 1
879 2052 1
886 2386 1
887 2985 1
888 1012 1
889 2236 1
889 2622 1
891 1520 1
891 2282 1
891 2835 1
895 2928 1
899 2377 1
900 1592 1
902 1341 1
904 1598 1
904 2603 1
905 2108 1
906 2901 1
907 2895 1
909 2562 1
910 2376 1
910 2717 1
911 2991 1
912 1061 1
912 2863 1
913 1875 1
915 1915 1
915 2013 1
918 2676 1
919 2816 1
920 2026 1
921 1574 1
922 2342 1
923 1201 1
925 1389 1
926 2418 1
930 2924 1
932 1857 1
933 1663 1
933 2496 1
936 1032 1
942 1525 1
942 2355 1
943 1956 1
944 2964 1
945 1394 1
945 1490 1
945 2031 1
946 2391 1
948 2408 1
949 2246 1
950 1468 1
950 2475 1
953 1319 1
953 1927 1
954 1057 1
955 1397 1
957 2693 1
960 2492 1
961 2364 1
962 2263 1
964 2593 1
965 1180 2
966 2026 1
966 2233 1
966 2975 1
967 2866 1
968 2433 1
972 1272 1
972 1920 1
974 1361 1
975 2876 1
976 1459 1
977 1979 1
978 1648 1
979 1753 1
981 1320 1
983 1395 1
984 1038 1
988 1633 1
989 1688 1
990 2065 1
991 1233 1
992 2029 1
993 2834 1
994 2221 1
995 2893 1
996 1985 1
999 2845 1
1000 2038 1
1001 2574 1
1002 2769 1
1003 2115 1
1003 2265 1
1004 1613 1
1004 1825 1
1005 2381 1
1006 2459 1
1008 2049 2
1009 2121 1
1009 2634 1
1010 2073 1
1011 2308 1
1012 1567 1
1013 1136 1
1017 1461 1
1019 2797 1
1020 1108 1
1020 1851 1
1021 2083 1
1021 2687 1
1024 1843 1
1025 2656 1
1028 1972 1
1029 2381 1
1030 1345 1
1030 1748 2
1033 2310 2
1036 2150 1
1039 2687 1
1040 2271 1
1041 2587 1
1042 2661 3
1043 1116 1
1045 1354 1
1045 1976 1
1046 1860 1
1047 2813 1
1049 2902 1
1050 2235 1
1051 1609 1
1051 2467 1
1054 1598 1
1056 1421 1
1056 1921 1
1057 2530 1
1059 2898 1
1061 2356 1
1062 1379 1
1065 2048 2
1066 2113 1
1066 2782 1
1068 2165 1
1069 2514 1
1069 2892 1
1070 1405 1
1070 2359 1
1073 1651 1
1074 2500 1
1074 2889 1
1075 1902 1
1076 1859 1
1078 2396 1
1078 2634 1
1079 2695 1
1080 1369 1
1082 2654 1
1085 1985 1
1089 2389 1
1089 2785 1
1090 2620 1
1091 2493 1
1093 2433 1
1093 2616 1
1093 2706 1
1094 1842 1
1098 2834 1
1099 1200 1
1101 2637 1
1102 2287 1
1103 2358 1
1104 2304 1
1106 1925 1
1107 1310 1
1107 2343 1
1110 2266 1
1113 2316 1
1114 1536 1
1115 1780 1
1115 2711 1
1116 2818 1
1117 2857 1
1119 1902 1
1119 2882 1
1120 2962 1
1121 2216 1
1122 2808 1
1123 1968 1
1123 2631 1
1124 2800 1
1125 2181 1
1128 2982 1
1129 2084 1
1130 1222 1
1132 2135 1
1135 2313 1
1135 2590 1
1135 2694 1
1136 1278 1
1136 2126 1
1138 2259 1
1138 2891 1
1140 1398 1
1141 1335 1
1142 2002 1
1142 2427 1
1143 1246 1
1143 2455 1
1146 1677 1
1146 2244 1
1147 2032 1
1148 1967 1
1150 1690 1
1151 1334 1
1152 1621 1
1152 1764 1
1153 1588 1
1156 2743 2
1157 2356 1
1159 2409 1
1160 1608 1
1161 2603 1
1162 2822 1
1163 1306 2
1163 2073 1
1163 2307 1
1164 1919 1
1165 2368 1
1166 2922 1
1167 1864 1
1168 2697 1
1169 2824 1
1170 2197 1
1170 2267 1
1171 1232 1
1172 1215 1
1175 2904 1
1178 1410 1
1179 1652 1
1181 1922 1
1181 2588 1
1182 1485 1
1183 2172 1
1183 2518 1
1186 1373 1
1186 1517 1
1187 2834 1
1188 2942 1
1189 1705 1
1190 2411 1
1190 2917 1
1191 1404 1
1191 1804 2
1193 2245 1
1194 1884 1
1195 1785 1
1196 2585 1
1197 2307 1
1198 2331 1
1200 1510 1
1200 2118 1
1200 2553 1
1202 2122 2
1203 2541 1
1204 1796 1
1204 2804 1
1205 2129 1
1206 1473 1
1207 2736 1
1209 1368 1
1210 1883 1
1210 1913 1
1210 2804 1
1211 2024 1
1211 2567 1
1214 2395 1
1214 2406 1
1215 2453 1
1216 2225 1
1216 2290 1
1217 1470 1
1221 2923 1
1222 1620 1
1222 1994 1
1223 2767 1
1224 1442 1
1224 1824 1
1225 2951 2
1226 2978 1
1227 1763 1
1228 2841 1
1229 2410 1
1232 2212 1
1233 2636 1
1234 1251 1
1234 2358 1
1235 2073 1
1236 1761 1
1236 1916 1
1237 1561 1
1238 2870 1
1240 2847 1
1242 2566 1
1243 1442 1
1244 1677 1
1245 2088 1
1247 1989 2
1247 1996 1
1248 1962 1
1249 2983 1
1254 1983 1
1258 1284 1
1259 2288 1
1259 2372 1
1260 2280 1
1261 2079 1
1262 2076 1
1264 2631 2
1265 2663 1
1267 2794 1
1268 1873 1
1268 2786 1
1270 2106 1
1271 2306 1
1272 2092 1
1272 2526 1
1272 2961 1
1272 2990 1
1273 2381 1
1275 2685 1
1276 2770 1
1278 1906 1
1279 1844 1
1280 1607 1
1280 2114 1
1280 2476 1
1280 2856 1
1281 2439 1
1281 2827 1
1282 2036 1
1283 1810 1
1284 2337 1
1284 2638 1
1285 1389 1
1285 2153 1
1285 2621 1
1287 2607 1
1289 2967 1
1290 2382 1
1292 1737 1
1294 2584 2
1296 2371 2
1296 2730 2
1297 1863 1
1298 2505 1
1298 2612 1
1299 2257 1
1299 2268 1
1299 2893 1
1300 2876 1
1301 1757 1
1302 2399 1
1303 2585 1
1303 2764 1
1305 2362 1
1306 2168 1
1308 2982 1
1311 1754 1
1311 2704 1
1312 1850 1
1313 2753 1
1314 1637 2
1315 2815 1
1317 1927 1
1318 2854 1
1321 2087 1
1322 2846 1
1322 2868 1
1323 2381 1
1323 2944 1
1325 2745 1
1326 2178 1
1328 2879 1
1329 2775 2
1330 1553 1
1330 1981 1
1331 2933 1
1334 2956 1
1337 1730 1
1339 2332 1
1340 2880 1
1341 2049 1
1344 2872 1
1345 2000 1
1346 2759 1
1347 1573 1
1347 2115 1
1348 2297 1
1349 1499 1
1349 2390 1
1349 2688 1
1354 2753 1
1356 1576 1
1356 1678 1
1356 2726 1
1356 2981 1
1357 2116 1
1360 2670 2
1361 2876 1
1362 1823 1
1362 2010 1
1362 2209 1
1364 1486 1
1364 2703 1
1365 1687 1
1369 2471 1
1370 1679 1
1371 1526 1
1371 2596 1
1373 2605 1
1375 2692 1
1376 1640 1
1377 2134 1
1378 1443 1
1378 2135 1
1378 2802 1
1380 2079 1
1382 1973 1
1383 1966 1
1384 2119 1
1384 2232 1
1384 2601 1
1385 2132 1
1385 2744 1
1387 1398 1
1388 2569 1
1390 2471 1
1391 1654 1
1391 2104 1
1391 2361 1
1392 2628 1
1393 2825 1
1393 2989 1
1395 2768 1
1396 2086 1
1397 1800 1
1398 2413 1
1398 2725 1
1400 1445 1
1401 2953 2
1402 1838 1
1402 2027 1
1403 1871 1
1403 2626 1
1404 2965 1
1405 2258 1
1405 2780 1
1406 2742 1
1408 2827 1
1409 2709 1
1410 2165 1
1411 2492 1
1414 1696 1
1414 1809 1
1415 2573 1
1417 2001 1
1417 2177 1
1417 2211 1
1418 2617 1
1419 1599 1
1420 1599 1
1420 2344 1
1421 1547 1
1422 2429 1
1423 2261 2
1423 2789 1
1424 2062 1
1425 1451 1
1425 1691 1
1425 1952 1
1425 2438 1
1426 2673 1
1426 2707 1
1427 2936 1
1428 2055 1
1429 1454 1
1429 2468 1
1430 1784 1
1431 2471 1
1432 2189 1
1434 1523 1
1434 2560 1
1435 2009 1
1436 2003 1
1436 2167 1
1438 1534 1
1438 2511 1
1439 1884 1
1440 2033 2
1440 2215 1
1441 2853 1
1442 2020 1
1444 1682 1
1444 2013 1
1444 2149 1
1444 2698 1
1445 1672 1
1445 2738 1
1448 2925 1
1449 2090 1
1451 2970 1
1452 2884 2
1453 2441 1
1454 2219 1
1454 2818 1
1456 1693 1
1457 1530 1
1459 2031 1
1460 2527 2
1460 2698 1
1464 2495 2
1464 2507 1
1465 2157 1
1466 2818 1
1469 1690 1
1470 1931 1
1472 2154 1
1472 2423 1
1472 2872 1
1472 2901 1
1473 1827 1
1473 2454 1
1473 2665 1
1474 2279 1
1474 2816 1
1475 2192 1
1477 1695 1
1477 2799 1
1478 2710 1
1479 1762 1
1480 2031 1
1481 1886 1
1481 2647 1
1483 2603 2
1484 1885 1
1485 2419 1
1487 1639 1
1487 2932 1
1489 2249 1
1489 2260 1
1490 1950 1
1492 1710 2
1493 2512 1
1493 2539 1
1493 2737 1
1494 2338 1
1496 2929 1
1497 2035 1
1498 1601 1
1498 2215 1
1500 2605 1
1503 1593 1
1503 1653 1
1505 1606 1
1506 2881 2
1507 2327 1
1507 2967 1
1508 1519 1
1509 2019 1
1509 2200 1
1509 2247 2
1509 2682 1
1511 1571 1
1511 1667 1
1511 1813 1
1511 2156 1
1511 2569 1
1512 1571 1
1513 2246 1
1513 2427 1
1514 2145 1
1515 2724 2
1517 2451 1
1519 2379 1
1522 2672 1
1523 1712 1
1523 2712 1
1524 2886 1
1525 1973 1
1527 2296 1
1528 2095 1
1529 2223 1
1531 1855 1
1532 1554 1
1533 2176 1
1535 1813 1
1537 2886 1
1537 2995 1
1538 1583 1
1538 2238 1
1538 2859 1
1539 2007 1
1541 2465 1
1541 2520 1
1542 2830 1
1543 1690 1
1543 2557 1
1543 2770 1
1545 2969 1
1547 1811 1
1548 2025 1
1551 2783 1
1551 2798 1
1551 2898 1
1552 2344 1
1553 2745 1
1554 2007 1
1555 2830 2
1556 1890 1
1557 1613 1
1558 2360 1
1560 2202 1
1560 2678 1
1561 2405 2
1562 1924 1
1562 1944 1
1563 2270 1
1564 2052 1
1565 2444 2
1566 2190 1
1568 2928 1
1569 2438 1
1571 2940 1
1572 2978 1
1575 2736 1
1576 1983 1
1576 2910 1
1577 1876 1
1577 2836 1
1578 2364 1
1578 2831 1
1578 2977 1
1579 2793 1
1580 2370 1
1581 2302 1
1582 2421 1
1585 2848 2
1587 1654 1
1589 2424 1
1590 2680 1
1591 2246 1
1592 2120 2
1592 2794 1
1592 2835 1
1593 2173 1
1595 2107 1
1595 2318 2
1595 2456 1
1595 2832 1
1596 1758 1
1596 2938 1
1596 2944 1
1597 2806 1
1600 1975 1
1600 2341 1
1600 2658 1
1601 1713 1
1601 1951 1
1601 1984 1
1601 2111 1
1601 2988 1
1602 1822 1
1603 2513 1
1604 2197 1
1604 2620 1
1607 2218 1
1607 2496 1
1608 1901 1
1608 2201 1
1608 2446 1
1608 2547 1
1609 2479 1
1611 1855 1
1611 2851 1
1612 1852 1
1613 1665 1
1614 1879 1
1614 2298 1
1615 2639 1
1616 1948 2
1618 2825 1
1619 1864 1
1623 2663 1
1625 2828 1
1625 2932 1
1626 2149 1
1626 2420 1
1627 2106 1
1628 1861 1
1629 2028 1
1629 2031 1
1629 2517 1
1630 2591 1
1631 2676 1
1632 1751 1
1633 2348 2
1633 2787 1
1634 2713 1
1637 1697 1
1637 2383 1
1637 2949 1
1637 2974 1
1638 1932 1
1638 2062 1
1640 2125 1
1640 2740 1
1641 1686 1
1641 2322 1
1641 2937 1
1642 2026 1
1643 2603 1
1645 2309 1
1647 2064 1
1649 2799 1
1650 1971 1
1651 2107 1
1652 2303 1
1652 2325 1
1652 2998 1
1653 2079 1
1653 2280 1
1654 2441 1
1655 2574 2
1656 2178 1
1658 1921 2
1659 2404 1
1660 2241 1
1661 2469 1
1662 2008 1
1664 2324 1
1664 2336 1
1664 2768 1
1666 1686 1
1666 2239 1
1668 2455 2
1668 2646 1
1670 2726 1
1671 2022 1
1671 2513 1
1672 1817 1
1672 2443 1
1673 2672 1
1674 2702 1
1675 2116 1
1676 2191 1
1676 2515 1
1677 1994 1
1677 2498 1
1677 2995 1
1679 2939 1
1680 2483 1
1680 2574 1
1680 2678 1
1681 2258 1
1682 1841 1
1682 2724 2
1683 2260 1
1684 2090 2
1685 1979 1
1685 2108 1
1685 2112 1
1685 2461 1
1685 2563 1
1685 2797 1
1686 2243 1
1686 2376 1
1689 1953 1
1691 2166 1
1693 2747 1
1693 2849 1
1693 2903 1
1694 1712 1
1694 1864 1
1694 2488 1
1694 2713 1
1695 1743 2
1695 2364 1
1695 2828 1
1696 1725 1
1696 2158 1
1697 2500 1
1697 2837 1
1698 2492 1
1698 2850 1
1699 2940 1
1700 2671 1
1701 2384 1
1704 1903 1
1704 1936 1
1704 2494 1
1706 2191 1
1707 2744 1
1708 1760 1
1708 1800 1
1708 2810 1
1709 1952 2
1710 2632 1
1712 2096 1
1712 2159 1
1712 2513 1
1713 1941 1
1716 1915 1
1717 2055 1
1717 2878 1
1718 2635 1
1718 2950 1
1719 1768 1
1719 1872 1
1720 2482 1
1720 2796 1
1721 2769 1
1722 1767 1
1723 2487 1
1724 2374 1
1726 2489 1
1727 2523 1
1728 2438 1
1729 2020 1
1730 2187 1
1732 1860 1
1732 2134 1
1734 1984 1
1735 2490 1
1735 2663 1
1736 2149 1
1736 2686 1
1736 2910 1
1737 2551 1
1738 2465 1
1738 2968 1
1739 2593 1
1740 2235 1
1741 2459 1
1741 2813 1
1742 1850 1
1742 2742 1
1744 2009 1
1744 2637 1
1744 2925 1
1745 2207 1
1746 2563 1
1747 2097 1
1750 1831 1
1750 1959 2
1750 2000 1
1750 2325 1
1750 2371 1
1750 2665 1
1751 2016 1
1755 1783 1
1755 2845 1
1756 2430 1
1757 2184 1
1757 2611 1
1757 2875 1
1758 2613 1
1758 2959 1
1759 1942 1
1759 2038 1
1762 2929 1
1763 2916 1
1764 2703 1
1764 2722 1
1765 2245 1
1766 2453 1
1767 2680 1
1767 2850 1
1768 2228 1
1768 2895 2
1771 2855 1
1772 1858 1
1774 1805 1
1775 2021 1
1775 2317 1
1776 2647 2
1777 2022 1
1778 2601 2
1779 2074 1
1779 2398 1
1780 2224 1
1780 2308 1
1780 2412 1
1780 2612 1
1780 2798 1
1781 2658 1
1782 2428 1
1782 2542 1
1784 2175 1
1784 2652 1
1785 1923 1
1785 2439 1
1785 2866 1
1785 2929 1
1786 2934 1
1787 1973 1
1788 1800 1
1788 2618 1
1788 2721 1
1791 2346 1
1792 1891 1
1792 2320 1
1793 2121 1
1793 2822 1
1797 2138 1
1797 2425 1
1798 2067 1
1798 2331 1
1800 2080 1
1800 2485 1
1800 2704 1
1801 1892 1
1801 2481 1
1801 2826 1
1803 1903 1
1803 2899 1
1805 1931 1
1805 2081 1
1805 2870 1
1805 2976 1
1806 1859 2
1807 2617 2
1808 2081 1
1808 2843 1
1809 2200 1
1809 2761 1
1809 2921 1
1810 2254 1
1810 2323 1
1810 2377 1
1810 2702 1
1812 1835 1
1814 2919 1
1814 2986 2
1815 2991 1
1815 2992 1
1816 2082 1
1816 2210 1
1816 2768 1
1819 2217 1
1820 2699 2
1821 2701 1
1821 2762 1
1822 2213 1
1822 2274 2
1822 2958 1
1823 2486 1
1823 2559 1
1825 1870 1
1825 2014 1
1828 2145 1
1828 2251 1
1828 2658 1
1830 1854 1
1830 2538 1
1832 2186 1
1832 2286 1
1832 2309 1
1832 2496 1
1833 2704 1
1834 1915 1
1835 2046 1
1836 1870 2
1837 1877 1
1839 1868 1
1839 2345 1
1839 2585 1
1839 2742 1
1841 2415 1
1842 1901 1
1845 2352 1
1845 2537 1
1846 2468 1
1847 2885 2
1849 1887 1
1849 2317 1
1852 2099 1
1852 2367 1
1853 2673 1
1854 2646 1
1855 1923 1
1855 2093 1
1856 2516 1
1856 2960 1
1857 2064 1
1859 2082 1
1859 2819 2
1861 2410 1
1862 2668 1
1862 2739 1
1863 2535 1
1863 2646 1
1864 2436 1
1864 2675 2
1865 1958 1
1866 2878 1
1866 2884 1
1866 2930 1
1867 1919 1
1868 1875 1
1870 2969 1
1871 1987 1
1872 2186 1
1872 2483 1
1874 2151 1
1875 2059 1
1877 2171 1
1878 2211 1
1879 2048 1
1880 2020 1
1880 2581 1
1881 2191 1
1881 2622 1
1881 2796 1
1882 1900 1
1882 2897 1
1882 2947 1
1885 2389 1
1885 2474 1
1886 2943 1
1888 2133 1
1888 2702 1
1888 2933 1
1890 2369 1
1891 1996 1
1891 2784 1
1892 2136 1
1892 2337 1
1893 1904 1
1893 2255 1
1895 2040 1
1897 2026 1
1897 2094 1
1898 1960 1
1898 2673 1
1905 1929 1
1906 2851 1
1907 2867 1
1909 2357 1
1909 2384 1
1909 2679 1
1910 2054 1
1911 1986 2
1913 1931 1
1913 2578 1
1913 2853 1
1913 2937 1
1914 2086 1
1914 2510 1
1916 2174 1
1916 2680 1
1917 2480 1
1918 2458 1
1919 1972 1
1921 2421 1
1921 2816 1
1923 2162 1
1923 2304 1
1923 2447 1
1923 2570 1
1923 2577 1
1925 2346 1
1927 2061 1
1928 2758 2
1929 2140 1
1929 2182 1
1929 2913 1
1929 2998 1
1930 2393 1
1930 2478 1
1931 2283 1
1931 2584 1
1932 2417 1
1933 2434 1
1934 2253 1
1934 2269 1
1935 2597 2
1937 1955 1
1939 2636 1
1939 2720 1
1939 2937 1
1940 2431 1
1940 2859 1
1943 2351 1
1944 2973 1
1945 2080 1
1945 2335 1
1947 1997 1
1947 2379 1
1949 1990 1
1949 2167 1
1949 2797 1
1951 2792 1
1953 2014 1
1953 2139 1
1953 2529 1
1953 2650 1
1954 2059 1
1954 2510 1
1954 2878 1
1955 1995 1
1955 2082 1
1955 2519 1
1955 2803 3
1956 2322 1
1957 2571 1
1957 2653 1
1958 2728 1
1960 1990 1
1961 2478 1
1961 2806 1
1961 2821 1
1961 2829 1
1961 2835 1
1962 2195 2
1963 2008 1
1964 2316 1
1964 2732 1
1966 2021 1
1966 2492 1
1967 2414 1
1968 2074 1
1968 2337 1
1968 2611 1
1968 2971 1
1969 2050 1
1969 2613 1
1970 2151 1
1972 2787 1
1972 2840 1
1973 2181 1
1974 2119 1
1975 2851 1
1975 2912 1
1977 2570 1
1979 2823 1
1980 2408 1
1980 2747 1
1981 2292 1
1981 2452 1
1984 2749 1
1987 2693 1
1988 2174 1
1988 2632 1
1992 2159 1
1992 2502 1
1994 2781 2
1995 2260 1
1998 2240 1
2000 2271 1
2000 2663 1
2001 2655 1
2004 2337 1
2004 2645 1
2005 2424 1
2005 2562 1
2005 2821 1
2007 2098 1
2007 2530 1
2009 2183 1
2011 2469 1
2012 2401 1
2013 2556 1
2014 2182 1
2016 2407 1
2017 2304 2
2018 2129 1
2018 2302 1
2020 2677 1
2021 2507 1
2023 2145 1
2025 2374 2
2025 2782 1
2025 2994 2
2026 2188 1
2029 2473 1
2031 2899 1
2032 2190 1
2032 2377 1
2032 2643 1
2037 2621 1
2039 2833 1
2039 2867 1
2040 2650 1
2040 2911 1
2041 2321 2
2042 2187 1
2042 2338 1
2043 2250 1
2043 2822 1
2044 2047 1
2045 2643 1
2045 2786 1
2045 2995 1
2046 2390 1
2049 2667 1
2050 2297 1
2051 2479 1
2052 2169 1
2052 2183 1
2052 2519 1
2054 2871 1
2056 2070 1
2056 2523 1
2057 2863 1
2058 2434 1
2058 2706 1
2059 2758 2
2060 2093 2
2061 2216 1
2061 2579 1
2063 2266 1
2063 2516 1
2063 2524 1
2067 2163 2
2067 2179 2
2069 2138 1
2069 2335 1
2070 2218 1
2071 2888 1
2072 2591 1
2075 2189 1
2075 2614 1
2078 2089 1
2079 2693 1
2079 2728 1
2080 2795 1
2084 2124 1
2084 2394 1
2085 2864 1
2087 2624 1
2088 2894 1
2090 2741 2
2091 2304 1
2091 2701 1
2094 2321 1
2094 2534 1
2094 2744 1
2095 2853 1
2096 2393 1
2096 2596 1
2097 2763 1
2097 2808 1
2098 2499 1
2099 2588 1
2100 2747 1
2103 2760 1
2105 2979 1
2106 2672 1
2107 2327 1
2108 2170 1
2110 2735 1
2115 2230 1
2116 2330 1
2117 2762 1
2118 2305 1
2119 2188 1
2121 2937 1
2127 2275 1
2128 2953 1
2130 2648 1
2131 2810 1
2131 2951 1
2136 2327 1
2136 2536 1
2136 2705 1
2137 2500 2
2138 2652 1
2141 2935 1
2142 2360 1
2142 2980 1
2143 2469 1
2144 2296 2
2144 2549 1
2144 2840 1
2147 2462 1
2147 2676 1
2147 2936 1
2148 2474 1
2148 2621 1
2149 2164 1
2149 2349 1
2149 2766 1
2150 2440 2
2151 2256 1
2152 2858 1
2153 2365 1
2155 2328 1
2155 2542 1
2157 2609 1
2161 2239 1
2165 2170 1
2165 2462 1
2166 2977 1
2169 2480 1
2169 2767 1
2170 2276 1
2170 2618 1
2170 2765 1
2170 2978 1
2171 2445 2
2172 2894 1
2174 2250 1
2177 2403 1
2180 2397 2
2180 2770 1
2181 2678 1
2182 2258 1
2182 2935 1
2184 2696 1
2184 2896 1
2185 2344 2
2186 2319 1
2187 2256 1
2187 2508 1
2187 2710 1
2188 2240 1
2189 2280 1
2189 2931 1
2191 2297 1
2192 2891 1
2193 2800 1
2194 2583 1
2195 2242 1
2201 2647 1
2201 2872 1
2203 2664 1
2204 2725 1
2205 2911 1
2205 2926 1
2206 2769 2
2211 2945 2
2212 2431 1
2213 2587 1
2214 2264 1
2216 2874 1
2217 2693 1
2217 2859 1
2220 2279 1
2226 2876 1
2233 2540 1
2245 2887 1
2258 2609 1
2262 2905 1
2278 2902 1
2287 2693 1
2289 2765 1
2309 2353 1
2311 2388 1
2312 2561 1
2326 2528 1
2351 2448 1
2363 2771 1
2363 2844 1
2366 2402 1
2367 2576 1
2370 2601 1
2375 2400 1
2375 2427 1
2382 2887 1
2386 2432 1
2402 2416 1
2403 2953 1
2416 2497 1
2420 2463 1
2422 2632 1
2430 2729 1
2439 2633 1
2442 2664 1
2448 2468 1
2450 2543 1
2466 2529 1
2470 2860 1
2472 2575 1
2484 2977 1
2504 2952 1
2510 2522 1
2521 2910 1
2532 2636 1
2543 2719 1
2564 2683 1
2581 2939 1
2586 2919 1
2610 2831 1
2649 2714 1
2658 2809 1
2664 2824 1
2690 2697 1
2694 2805 1
2698 2817 1
2700 2987 1
2706 2987 1
2710 2861 1
2716 2985 1
2748 2933 1
2784 2865 1
2786 2812 1
2807 2915 1
2874 2954 1
2900 2994 1
2914 2923 1
2920 2967 1
2968 2972 1
